-0.704225 0.225352
-0.802817 1.732394
-2.056338 3.549296
-3.098592 5.704226
-4.140845 8.070422
-4.521127 8.408451
-4.830986 6.028169
-3.614286 3.671429
-3.450704 1.816901
-1.447761 0.776119
-0.833333 0.954545
-1.169231 1.584615
-1.222222 1.380952
-1.355932 2.033898
-0.982456 1.070175
0.070175 0.771930
-0.655172 0.293103
-1.344828 -0.379310
-2.105263 -0.210526
-1.295082 -0.557377
-0.934426 -1.459016
0.483871 -0.854839
1.193548 -0.451613
1.500000 -0.661290
0.524590 -0.262295
-0.049180 0.295082
-0.566667 0.483333
-0.967213 0.147541
-2.770492 0.213115
-1.229508 -0.491803
-0.847458 -0.389830
-0.672414 -1.413793
-0.280702 -1.789474
-0.410714 -1.178571
-0.189655 -1.120690
-0.290323 -1.258065
-0.500000 -1.116667
-0.283333 -0.950000
-0.360656 -1.180328
-0.065574 0.245902
-1.516129 0.500000
-2.131148 0.459016
-1.649123 -0.912281
-0.370370 0.055556
0.740741 -0.018519
0.727273 0.745455
-0.181818 0.636364
-0.464286 -0.035714
-0.250000 -0.650000
-0.950820 0.049180
-1.049180 -0.540984
-1.466667 -0.766667
-1.122807 -0.614035
-1.051724 -0.327586
0.155172 -0.258621
0.627119 -0.406780
1.293103 -1.000000
1.419355 -0.967742
0.918033 -1.836066
0.966667 -0.833333
0.016667 -0.466667
-0.476190 -0.492063
-1.065574 0.147541
-1.836066 -0.180328
-1.190476 1.158730
-0.333333 1.050000
0.693548 1.322581
0.245902 0.557377
-0.031746 1.126984
0.278689 0.737705
-0.433333 0.333333
0.965517 -0.327586
0.627119 0.372881
-0.766667 0.066667
-0.807018 0.736842
0.086207 1.120690
-1.396552 0.879310
-1.862069 1.120690
-1.847458 0.745763
-2.135593 1.983051
-1.644068 2.677966
-2.033898 1.762712
-2.271186 1.559322
-2.241379 1.448276
-1.517241 1.017241
-1.310345 0.879310
-1.448276 1.051724
-0.775862 0.655172
-0.362069 1.189655
-0.517241 0.655172
-1.241379 -0.327586
-1.084746 0.000000
-0.603448 0.500000
0.534483 0.379310
0.694915 -0.271186
-0.271186 -0.542373
0.400000 -0.733333
-1.114754 0.524590
0.419355 -0.322581
0.524590 0.311475
0.258065 0.370968
-0.016393 -0.393443
-1.079365 -0.333333
-1.000000 -0.433333
-2.125000 -0.359375
-0.809524 -1.158730
0.825397 -0.841270
1.666667 -1.450000
2.500000 -1.580645
1.274194 -2.016129
1.158730 -1.587302
1.293103 -0.948276
0.550000 -0.783333
-1.948276 -2.051724
-2.216667 -2.283333
-2.295082 -1.901639
0.423729 -1.135593
1.305085 -0.949153
-0.436364 -0.600000
0.224138 -0.741379
-1.564516 -0.435484
0.229508 -0.081967
1.066667 -0.016667
1.150000 0.066667
2.400000 -1.850000
0.678571 -1.589286
-2.169492 -0.457627
-1.793103 -1.172414
0.228070 -0.561404
0.206897 -0.310345
-0.066667 0.633333
-1.431034 1.051724
-0.051724 -0.741379
-0.349206 1.158730
-0.507692 1.707692
-3.268657 3.208955
-2.142857 4.542857
-0.070423 4.760563
3.845070 3.676056
5.871428 4.171429
5.328571 2.128572
5.188406 0.652174
5.434783 -0.304348
5.086957 -1.710145
3.358209 -1.298507
2.636364 -0.863636
2.757576 -0.787879
2.060606 -1.060606
1.075758 -1.181818
0.984848 -1.590909
0.954545 -1.469697
1.045455 -1.742424
1.121212 -2.106061
1.507463 -2.134328
0.611940 -2.492537
0.106061 -2.515152
0.469697 -2.651515
0.015152 -2.287879
0.090909 -2.439394
-0.484848 -2.196970
-0.484848 -2.196970
